2.332080699999999851e+01 -9.889179139999999535e+00
-1.079442449999999917e+04 -1.078770219999999972e+04
2.570984690000000046e+04 2.616617339999999967e+04
2.946209280000000035e+03 2.818413959999999861e+03
-2.967223020000000179e+04 -2.971104520000000048e+04
6.742484360000000379e+03 6.704056209999999737e+03
-2.874918189999999868e+03 -2.746005270000000110e+03
1.169867959999999948e+04 1.193737010000000009e+04
-1.963965590000000157e+04 -1.981649810000000070e+04
-6.588146069999999781e+03 -6.638201839999999720e+03
